2015_11_26_15_00_02_617 RTK_FIXED 52.2141819785 4.40046094116667 6.27 0.006 0.004 0.009
2015_11_26_15_00_05_617 RTK_FIXED 52.2141820426667 4.40046092133333 6.275 0.006 0.004 0.009
2015_11_26_15_00_08_618 RTK_FIXED 52.2141820118333 4.40046091833333 6.275 0.006 0.004 0.009
2015_11_26_15_00_11_618 RTK_FIXED 52.2141820668333 4.40046105283333 6.278 0.006 0.004 0.009
2015_11_26_15_00_14_618 RTK_FIXED 52.214182006 4.40046100733333 6.237 0.006 0.004 0.009
2015_11_26_15_00_17_618 RTK_FIXED 52.2141820291667 4.40046095716667 6.275 0.006 0.004 0.009
2015_11_26_15_00_20_617 RTK_FIXED 52.2141820626667 4.40046094533333 6.277 0.006 0.004 0.01
2015_11_26_15_00_23_617 RTK_FIXED 52.2141820355 4.4004609715 6.267 0.006 0.004 0.01
2015_11_26_15_00_26_617 RTK_FIXED 52.2141842513333 4.40045961533333 6.265 0.005 0.004 0.009
2015_11_26_15_00_29_618 RTK_FIXED 52.2141893251667 4.40045644016667 6.249 0.005 0.004 0.009
2015_11_26_15_00_32_617 RTK_FIXED 52.214194081 4.40045395483333 6.233 0.006 0.004 0.009
2015_11_26_15_00_35_617 RTK_FIXED 52.21419881 4.4004512885 6.216 0.006 0.004 0.009
2015_11_26_15_00_38_617 RTK_FIXED 52.2142037671667 4.4004488805 6.183 0.006 0.004 0.009
2015_11_26_15_00_41_617 RTK_FIXED 52.2142087 4.400446759 6.163 0.006 0.004 0.009
2015_11_26_15_00_44_617 RTK_FIXED 52.2142136045 4.40044477133333 6.146 0.006 0.004 0.01
2015_11_26_15_00_47_617 RTK_FIXED 52.21421847 4.40044250233333 6.125 0.006 0.004 0.01
2015_11_26_15_00_50_617 RTK_FIXED 52.2142234806667 4.4004415375 6.12 0.006 0.004 0.01
2015_11_26_15_00_53_616 RTK_FIXED 52.2142283338333 4.40044073166667 6.097 0.006 0.004 0.01
2015_11_26_15_00_56_617 RTK_FIXED 52.214233336 4.4004411155 6.08 0.006 0.004 0.011
2015_11_26_15_00_59_618 RTK_FIXED 52.2142384335 4.40044180666667 6.063 0.007 0.004 0.011
2015_11_26_15_01_02_617 RTK_FIXED 52.2142432653333 4.40044293733333 6.057 0.006 0.004 0.011
2015_11_26_15_01_05_617 RTK_FIXED 52.2142481206667 4.40044510283333 6.098 0.006 0.004 0.01
2015_11_26_15_01_08_617 RTK_FIXED 52.2142528168333 4.400447832 6.06 0.006 0.004 0.01
2015_11_26_15_01_11_617 RTK_FIXED 52.214257417 4.400450923 6.07 0.006 0.004 0.011
2015_11_26_15_01_14_617 RTK_FIXED 52.2142617395 4.40045446416667 6.028 0.006 0.004 0.01
2015_11_26_15_01_17_616 RTK_FIXED 52.214266052 4.40045842216667 6.075 0.006 0.004 0.009
2015_11_26_15_01_20_617 RTK_FIXED 52.2142702953333 4.40046330833333 6.054 0.006 0.004 0.01
2015_11_26_15_01_23_617 RTK_FIXED 52.2142736348333 4.4004668835 6.04 0.006 0.004 0.01
2015_11_26_15_01_26_618 RTK_FIXED 52.2142745455 4.40046772883333 6.067 0.006 0.004 0.009
2015_11_26_15_01_29_617 RTK_FIXED 52.2142786493333 4.400472266 6.067 0.006 0.004 0.009
2015_11_26_15_01_32_617 RTK_FIXED 52.2142824968333 4.40047666033333 6.062 0.006 0.004 0.009
2015_11_26_15_01_35_619 RTK_FIXED 52.2142864123333 4.40047967233333 6.046 0.006 0.004 0.009
2015_11_26_15_01_38_617 RTK_FIXED 52.2142911773333 4.40048170666667 6.057 0.006 0.004 0.01
2015_11_26_15_01_41_617 RTK_FIXED 52.2142960311667 4.40048380433333 6.062 0.006 0.004 0.01
2015_11_26_15_01_44_617 RTK_FIXED 52.214300795 4.4004855645 6.045 0.006 0.004 0.01
2015_11_26_15_01_47_617 RTK_FIXED 52.2143054455 4.400486683 6.026 0.006 0.004 0.01
2015_11_26_15_01_50_617 RTK_FIXED 52.2143107971667 4.40048747916667 6.04 0.006 0.004 0.011
2015_11_26_15_01_53_617 RTK_FIXED 52.2143155481667 4.40048838116667 6.027 0.006 0.004 0.01
2015_11_26_15_01_56_617 RTK_FIXED 52.2143208253333 4.4004884565 6.025 0.006 0.004 0.01
2015_11_26_15_01_59_617 RTK_FIXED 52.214325761 4.40048905366667 5.991 0.006 0.004 0.01
2015_11_26_15_02_02_616 RTK_FIXED 52.2143307228333 4.400489271 5.972 0.006 0.004 0.01
2015_11_26_15_02_05_618 RTK_FIXED 52.2143356345 4.40048914216667 5.994 0.006 0.004 0.01
2015_11_26_15_02_08_618 RTK_FIXED 52.2143404296667 4.40048951616667 5.966 0.006 0.004 0.01
2015_11_26_15_02_11_617 RTK_FIXED 52.2143458283333 4.40048916733333 5.96 0.006 0.004 0.01
2015_11_26_15_02_14_617 RTK_FIXED 52.2143506701667 4.40048924566667 6.026 0.006 0.004 0.01
2015_11_26_15_02_17_616 RTK_FIXED 52.2143554191667 4.4004904745 5.901 0.006 0.004 0.01
2015_11_26_15_02_20_616 RTK_FIXED 52.2143605176667 4.40049141716667 5.943 0.006 0.004 0.01
2015_11_26_15_02_23_618 RTK_FIXED 52.2143655076667 4.40049365266667 5.932 0.006 0.004 0.011
2015_11_26_15_02_26_617 RTK_FIXED 52.2143702025 4.400496241 5.914 0.006 0.004 0.01
2015_11_26_15_02_29_617 RTK_FIXED 52.2143748385 4.40049936783333 5.957 0.006 0.004 0.01
2015_11_26_15_02_32_617 RTK_FIXED 52.2143790446667 4.400503736 5.947 0.006 0.004 0.01
2015_11_26_15_02_35_616 RTK_FIXED 52.2143831163333 4.40050870716667 5.941 0.006 0.004 0.011
2015_11_26_15_02_38_617 RTK_FIXED 52.2143865205 4.40051360933333 5.956 0.006 0.004 0.01
2015_11_26_15_02_41_617 RTK_FIXED 52.2143896908333 4.40051933066667 5.96 0.006 0.004 0.01
2015_11_26_15_02_44_617 RTK_FIXED 52.214392505 4.40052571583333 5.963 0.006 0.004 0.01
2015_11_26_15_02_47_617 RTK_FIXED 52.2143948671667 4.40053230883333 5.974 0.006 0.004 0.01
2015_11_26_15_02_50_616 RTK_FIXED 52.2143966156667 4.4005392825 5.985 0.006 0.004 0.01
2015_11_26_15_02_53_617 RTK_FIXED 52.214397662 4.40054639066667 6.01 0.006 0.004 0.01
2015_11_26_15_02_56_617 RTK_FIXED 52.2143981676667 4.40055386833333 6.041 0.006 0.004 0.01
2015_11_26_15_02_59_617 RTK_FIXED 52.2143986153333 4.4005615305 6.065 0.006 0.004 0.01
2015_11_26_15_03_02_617 RTK_FIXED 52.2143984631667 4.40056970466667 6.085 0.006 0.004 0.01
2015_11_26_15_03_05_617 RTK_FIXED 52.214398236 4.400577262 6.102 0.006 0.004 0.01
2015_11_26_15_03_08_616 RTK_FIXED 52.2143973186667 4.40058381633333 6.122 0.006 0.004 0.01
2015_11_26_15_03_11_616 RTK_FIXED 52.2143959643333 4.40059093666667 6.146 0.006 0.004 0.01
2015_11_26_15_03_14_616 RTK_FIXED 52.2143948425 4.40059761333333 6.168 0.006 0.004 0.01
2015_11_26_15_03_17_616 RTK_FIXED 52.2143938961667 4.40060420116667 6.193 0.006 0.004 0.01
2015_11_26_15_03_20_618 RTK_FIXED 52.214393348 4.40061121183333 6.221 0.006 0.004 0.01
2015_11_26_15_03_23_617 RTK_FIXED 52.2143935355 4.40061879416667 6.234 0.006 0.004 0.01
2015_11_26_15_03_26_617 RTK_FIXED 52.2143942598333 4.40062591683333 6.259 0.006 0.004 0.011
2015_11_26_15_03_29_616 RTK_FIXED 52.2143955291667 4.40063262116667 6.265 0.006 0.004 0.01
2015_11_26_15_03_32_617 RTK_FIXED 52.2143974843333 4.40063901533333 6.267 0.006 0.004 0.01
2015_11_26_15_03_35_616 RTK_FIXED 52.2143986951667 4.40064221766667 6.268 0.006 0.004 0.01
2015_11_26_15_03_38_618 RTK_FIXED 52.2144015573333 4.400647972 6.309 0.006 0.004 0.01
2015_11_26_15_03_41_617 RTK_FIXED 52.2144047186667 4.4006528675 6.296 0.006 0.004 0.01
2015_11_26_15_03_44_617 RTK_FIXED 52.2144082963333 4.40065711483333 6.296 0.006 0.004 0.01
2015_11_26_15_03_47_617 RTK_FIXED 52.214412176 4.400660506 6.305 0.006 0.004 0.01
2015_11_26_15_03_50_619 RTK_FIXED 52.2144161131667 4.4006628975 6.347 0.006 0.004 0.01
2015_11_26_15_03_53_621 RTK_FIXED 52.2144201373333 4.40066449666667 6.3 0.006 0.004 0.01
2015_11_26_15_03_56_617 RTK_FIXED 52.2144241353333 4.40066516533333 6.297 0.006 0.004 0.01
2015_11_26_15_03_59_617 RTK_FIXED 52.2144285306667 4.400665443 6.362 0.006 0.004 0.01
2015_11_26_15_04_02_617 RTK_FIXED 52.2144325511667 4.40066388733333 6.322 0.006 0.004 0.01
2015_11_26_15_04_05_617 RTK_FIXED 52.214437597 4.40066249516667 6.274 0.006 0.004 0.01
2015_11_26_15_04_08_616 RTK_FIXED 52.2144415906667 4.40066108266667 6.266 0.006 0.004 0.01
2015_11_26_15_04_11_616 RTK_FIXED 52.2144464551667 4.40065982933333 6.28 0.006 0.004 0.011
2015_11_26_15_04_14_616 RTK_FIXED 52.2144514383333 4.40065836583333 6.257 0.006 0.004 0.011
2015_11_26_15_04_17_616 RTK_FIXED 52.2144562458333 4.40065631066667 6.263 0.006 0.004 0.011
2015_11_26_15_04_20_617 RTK_FIXED 52.2144614936667 4.40065563483333 6.254 0.006 0.004 0.011
2015_11_26_15_04_23_617 RTK_FIXED 52.2144662991667 4.40065535866667 6.23 0.006 0.004 0.011
2015_11_26_15_04_26_617 RTK_FIXED 52.2144713246667 4.40065637683333 6.253 0.007 0.004 0.012
2015_11_26_15_04_29_617 RTK_FIXED 52.2144761105 4.40065811716667 6.266 0.006 0.004 0.011
2015_11_26_15_04_32_614 RTK_FIXED 52.214480783 4.40065971933333 6.216 0.007 0.004 0.013
2015_11_26_15_04_35_613 RTK_FIXED 52.2144841373333 4.40066163033333 6.25 0.007 0.004 0.013
2015_11_26_15_04_38_616 RTK_FIXED 52.2144890546667 4.40066406683333 6.227 0.008 0.005 0.013
2015_11_26_15_04_41_616 RTK_FIXED 52.2144935301667 4.40066686933333 6.219 0.008 0.005 0.015
2015_11_26_15_04_44_616 RTK_FIXED 52.214497993 4.40067007766667 6.253 0.008 0.005 0.016
2015_11_26_15_04_47_622 RTK_FIXED 52.2145021923333 4.4006737045 6.227 0.008 0.005 0.014
2015_11_26_15_04_50_616 RTK_FIXED 52.2145064886667 4.40067836616667 6.222 0.006 0.004 0.011
2015_11_26_15_04_53_616 RTK_FIXED 52.2145106598333 4.40068291666667 6.225 0.007 0.004 0.012
2015_11_26_15_04_56_618 RTK_FIXED 52.2145137825 4.40068717666667 6.183 0.011 0.004 0.014
2015_11_26_15_04_59_616 RTK_FIXED 52.2145187606667 4.40069083833333 6.234 0.006 0.004 0.011
2015_11_26_15_05_02_616 RTK_FIXED 52.2145232383333 4.40069468816667 6.233 0.006 0.004 0.011