1.000000000000000000000000000000, 
0.164848848444133250223941900003, 
0.077445288368935064071685303588, 
-0.006938464707061524003317565246, 
-0.054647248605650976249759054326, 
-0.074335584652661920723737409844, 
4803.746450707347321440465748310089, 
-73519.972392503215814940631389617920, 
-0.000407585114851828590395999008, 
-6.242223482472899043216330028372, 
-0.003759510567153536136214553309, 
-0.370084798298129735716344157481, 
-0.070788743163172032635266361922, 
0.098898930372217641604493110208, 
0.100792754903274078825958781636, 
-2.310362792916755392269578806008, 
-0.216198287858512361303553461767, 
-0.152672081657011265987122783372, 
0.043875492372366507731751283927, 
0.154480762232324625449209065664, 
0.135582040507085249680940819417, 
0.000000000000000000000000000000, 
1.000000000000000000000000000000, 
-0.037106018350675840089536450250, 
0.060353457594539340613781774891, 
-0.000921999093359932801045042439, 
-0.078493733158986583875460496529, 
93897.824288421514211222529411315918, 
-6502.509077866146071755792945623398, 
0.001039351564064951638152733970, 
0.668494760692256884127004923357, 
-2.268221083087008871359557815595, 
0.125480944774894770388229403579, 
-0.111237338156295412217033913294, 
0.014207665667990615476767857217, 
0.074665154464925276300846235245, 
0.243473126577612275500683836071, 
-2.302647271645091198166710455553, 
0.091747443312320348107746781352, 
-0.070270833651143588260978845028, 
0.066734699053374688104689482770, 
0.090126563203216589204025410709, 
0.000000000000000000000000000000, 
0.000000000000000000000000000000, 
1.000000000000000000000000000000, 
-0.025077484718413929620783875407, 
0.121208126940309815489094091845, 
0.090975781851300910330060389697, 
-121409.734438442013924941420555114746, 
159678.256442700512707233428955078125, 
-0.002297532590980509888123339834, 
-37.489001288269278688858321402222, 
-1.224588820679253009515718986222, 
-8.101698040048601612284073780756, 
-0.046813469032455090612643289205, 
0.014247142294227769718228948648, 
0.124665166268520796744034839776, 
-2.993494843515852821269618289080, 
-2.542111515785002495704247849062, 
-6.584498788256082590919504582416, 
0.064576137693071342105177734538, 
0.318580361941826761817964097645, 
0.348071076790637756737112340488, 
0.000000000000000000000000000000, 
0.000000000000000000000000000000, 
0.000000000000000000000000000000, 
1.000000000000000000000000000000, 
0.145658866274976817045683219476, 
-1.127354813413652623310667877377, 
3560244.792181487195193767547607421875, 
7372.214722969803915475495159626007, 
0.014488699368075053791615758314, 
20.232403279700847065214475151151, 
-25.748598566107375518186017870903, 
-2.415351745334757271876924278331, 
0.020432013365401555105016484504, 
0.196911807266474725430782655167, 
-0.886267113530485040051587475318, 
1.772153252628092534592951778905, 
-30.481633704460389111545737250708, 
-0.270485758830841249711340879003, 
-0.144702504434053275117477710410, 
0.868400963807770653879458677693, 
1.476872347467567347933936616755, 
0.000000000000000000000000000000, 
0.000000000000000000000000000000, 
0.000000000000000000000000000000, 
0.000000000000000000000000000000, 
1.000000000000000000000000000000, 
1.343543084259740894026435853448, 
-189508.203582546731922775506973266602, 
2945692.192713217809796333312988281250, 
-0.006984887480242799040475176753, 
54.842071459891620577309367945418, 
1.364170270209315027898355765501, 
-4.787733504967786046790934051387, 
0.565513711557367071414148540498, 
0.103108631856910229473989204507, 
-1.208843000471035322718194038316, 
22.947455295594721746965660713613, 
0.570328094119706752174181474402, 
-5.761017206859038175537079951027, 
-0.493576736864811682625742150776, 
-0.231920468347921487906049264893, 
-0.186272591542079618553984232676, 
0.000000000000000000000000000000, 
0.000000000000000000000000000000, 
0.000000000000000000000000000000, 
0.000000000000000000000000000000, 
0.000000000000000000000000000000, 
1.000000000000000000000000000000, 
-117079.027393471100367605686187744141, 
73592.350965771518531255424022674561, 
-0.169472019366632392634031134548, 
0.100555188853741983567857687376, 
2.731391088421482038484100485221, 
0.039753998076095350966419061933, 
0.016714703296328421028293931272, 
-0.264813366234495584095043341222, 
4.911453201528549250554078753339, 
1.412112119522906716895249701338, 
3.046373233159483717713555961382, 
-0.121976952951484585163655083306, 
0.055527575650817853625262898731, 
-0.363494263922004623434958148209, 
4.664508746521012660934957239078, 
0.000000000000000000000000000000, 
0.000000000000000000000000000000, 
0.000000000000000000000000000000, 
0.000000000000000000000000000000, 
0.000000000000000000000000000000, 
0.000000000000000000000000000000, 
1.000000000000000000000000000000, 
0.004298252380321362746407043431, 
0.000000001876883223196274389030, 
-0.000018408874557109051230954430, 
0.000001206545376140032621155806, 
-0.000000098423171101196474300883, 
-0.000000053824733513549218408898, 
-0.000000009393278490546517969247, 
0.000000193162023943867338843564, 
-0.000000712609519980667405074685, 
0.000001086183319111489677759037, 
-0.000000305316827559635794537624, 
-0.000000040507889252784339333787, 
-0.000000032639915235893728427421, 
-0.000000035892296777338735333466, 
0.000000000000000000000000000000, 
0.000000000000000000000000000000, 
0.000000000000000000000000000000, 
0.000000000000000000000000000000, 
0.000000000000000000000000000000, 
0.000000000000000000000000000000, 
0.000000000000000000000000000000, 
1.000000000000000000000000000000, 
-0.000000001898174093531703142030, 
-0.000003421178626786618460082481, 
-0.000000822056130430106424082908, 
-0.000000033768307937189867198412, 
-0.000000047936283139962156648425, 
-0.000000045424170319826953488709, 
0.000000029465979597187675977885, 
-0.000001755500780405722257258849, 
-0.000001330653417921829266451256, 
-0.000000093479206588731234966022, 
0.000000045027287723947220376946, 
-0.000000048110878010417149304070, 
-0.000000096668785280852267315983, 
0.000000000000000000000000000000, 
0.000000000000000000000000000000, 
0.000000000000000000000000000000, 
0.000000000000000000000000000000, 
0.000000000000000000000000000000, 
0.000000000000000000000000000000, 
0.000000000000000000000000000000, 
0.000000000000000000000000000000, 
1.000000000000000000000000000000, 
59.599924994461453309213538886979, 
-2.577908592287229794237646274269, 
0.469714239860354154654231706445, 
0.633703012101768381469923951954, 
0.682742198407126466008776333183, 
-9.221855343910657865080793271773, 
2.358709191790146153522300664918, 
-2.438196051371009254182808945188, 
-0.553952309551696608913573527389, 
0.093162455915330233402471549198, 
0.902023247687524842852724304976, 
-9.670416024963348178289379575290, 
0.000000000000000000000000000000, 
0.000000000000000000000000000000, 
0.000000000000000000000000000000, 
0.000000000000000000000000000000, 
0.000000000000000000000000000000, 
0.000000000000000000000000000000, 
0.000000000000000000000000000000, 
0.000000000000000000000000000000, 
0.000000000000000000000000000000, 
1.000000000000000000000000000000, 
-0.051981698420174485275602194179, 
0.116761841701730192943919917070, 
0.051822493665035822274500532103, 
0.004108300218504822368115192432, 
-0.099831756737207955065827036378, 
-0.107511857055908183200543248859, 
0.033199880658327143856389795928, 
-0.030007165553394422874422531322, 
-0.015244509341746415725937779939, 
-0.000142915963738453620545179601, 
0.007447903434842376158009358278, 
0.000000000000000000000000000000, 
0.000000000000000000000000000000, 
0.000000000000000000000000000000, 
0.000000000000000000000000000000, 
0.000000000000000000000000000000, 
0.000000000000000000000000000000, 
0.000000000000000000000000000000, 
0.000000000000000000000000000000, 
0.000000000000000000000000000000, 
0.000000000000000000000000000000, 
1.000000000000000000000000000000, 
0.005415391126841741405162355960, 
0.002186250600983652859349293252, 
0.001543506517220522532285453821, 
0.041876369056267424839656854374, 
0.007887942115325412631432477895, 
-0.121412468863661193729797105334, 
0.005905480112499157836769558827, 
0.001594183645904173780849522046, 
-0.001336709726683047013903737898, 
-0.003817246476039035281424549595, 
0.000000000000000000000000000000, 
0.000000000000000000000000000000, 
0.000000000000000000000000000000, 
0.000000000000000000000000000000, 
0.000000000000000000000000000000, 
0.000000000000000000000000000000, 
0.000000000000000000000000000000, 
0.000000000000000000000000000000, 
0.000000000000000000000000000000, 
0.000000000000000000000000000000, 
0.000000000000000000000000000000, 
1.000000000000000000000000000000, 
0.005130620652264033382250474347, 
0.013649485565913678161709121639, 
-0.012783649524908919509202931408, 
-0.020858395786214921352463846915, 
0.047288164553145418944612998757, 
-0.234303221575579173618919526234, 
0.001268764412090428103652151037, 
0.000666659347677797360989804254, 
0.002142297960050119302183313508, 
0.000000000000000000000000000000, 
0.000000000000000000000000000000, 
0.000000000000000000000000000000, 
0.000000000000000000000000000000, 
0.000000000000000000000000000000, 
0.000000000000000000000000000000, 
0.000000000000000000000000000000, 
0.000000000000000000000000000000, 
0.000000000000000000000000000000, 
0.000000000000000000000000000000, 
0.000000000000000000000000000000, 
0.000000000000000000000000000000, 
1.000000000000000000000000000000, 
0.071160399143656224985043934339, 
-1.452223611192700714056513788819, 
-2.265156145070509552397197694518, 
0.201437807552131725730149014453, 
0.065609605145143051752043561464, 
-0.476686508586032231526985469827, 
-0.033611218971233779162499644144, 
0.143941983308232379634716835426, 
0.000000000000000000000000000000, 
0.000000000000000000000000000000, 
0.000000000000000000000000000000, 
0.000000000000000000000000000000, 
0.000000000000000000000000000000, 
0.000000000000000000000000000000, 
0.000000000000000000000000000000, 
0.000000000000000000000000000000, 
0.000000000000000000000000000000, 
0.000000000000000000000000000000, 
0.000000000000000000000000000000, 
0.000000000000000000000000000000, 
0.000000000000000000000000000000, 
1.000000000000000000000000000000, 
-0.428791982998338871979626674147, 
-0.179332592289623032888457032641, 
-0.207198856636601896896721086705, 
-0.079821050190716641425936472842, 
-0.012289878339708957752374196559, 
-0.089733431825523138347655560665, 
0.096337419207572896895364067404, 
0.000000000000000000000000000000, 
0.000000000000000000000000000000, 
0.000000000000000000000000000000, 
0.000000000000000000000000000000, 
0.000000000000000000000000000000, 
0.000000000000000000000000000000, 
0.000000000000000000000000000000, 
0.000000000000000000000000000000, 
0.000000000000000000000000000000, 
0.000000000000000000000000000000, 
0.000000000000000000000000000000, 
0.000000000000000000000000000000, 
0.000000000000000000000000000000, 
0.000000000000000000000000000000, 
1.000000000000000000000000000000, 
0.069097336050784219363407601122, 
-0.043299571532241225291226527361, 
0.001237083283485616641214632772, 
0.007671251582402277904848553192, 
0.003486305734727939385775297154, 
-0.063929417715318251347333955437, 
0.000000000000000000000000000000, 
0.000000000000000000000000000000, 
0.000000000000000000000000000000, 
0.000000000000000000000000000000, 
0.000000000000000000000000000000, 
0.000000000000000000000000000000, 
0.000000000000000000000000000000, 
0.000000000000000000000000000000, 
0.000000000000000000000000000000, 
0.000000000000000000000000000000, 
0.000000000000000000000000000000, 
0.000000000000000000000000000000, 
0.000000000000000000000000000000, 
0.000000000000000000000000000000, 
0.000000000000000000000000000000, 
1.000000000000000000000000000000, 
0.078663188164157127335585073524, 
0.085325229812106453963771457438, 
0.008633126446639279027994717808, 
-0.022033865984903904661207363347, 
-0.022267507554238296502147065326, 
0.000000000000000000000000000000, 
0.000000000000000000000000000000, 
0.000000000000000000000000000000, 
0.000000000000000000000000000000, 
0.000000000000000000000000000000, 
0.000000000000000000000000000000, 
0.000000000000000000000000000000, 
0.000000000000000000000000000000, 
0.000000000000000000000000000000, 
0.000000000000000000000000000000, 
0.000000000000000000000000000000, 
0.000000000000000000000000000000, 
0.000000000000000000000000000000, 
0.000000000000000000000000000000, 
0.000000000000000000000000000000, 
0.000000000000000000000000000000, 
1.000000000000000000000000000000, 
0.081210246638372479699441441880, 
0.003361683557586295570396295318, 
-0.013794621986456237841545124923, 
-0.019601474379768817762892396672, 
0.000000000000000000000000000000, 
0.000000000000000000000000000000, 
0.000000000000000000000000000000, 
0.000000000000000000000000000000, 
0.000000000000000000000000000000, 
0.000000000000000000000000000000, 
0.000000000000000000000000000000, 
0.000000000000000000000000000000, 
0.000000000000000000000000000000, 
0.000000000000000000000000000000, 
0.000000000000000000000000000000, 
0.000000000000000000000000000000, 
0.000000000000000000000000000000, 
0.000000000000000000000000000000, 
0.000000000000000000000000000000, 
0.000000000000000000000000000000, 
0.000000000000000000000000000000, 
1.000000000000000000000000000000, 
-0.002149664097925418557166743483, 
-0.021460019821058894801124594665, 
-0.030420789426736871696732578130, 
0.000000000000000000000000000000, 
0.000000000000000000000000000000, 
0.000000000000000000000000000000, 
0.000000000000000000000000000000, 
0.000000000000000000000000000000, 
0.000000000000000000000000000000, 
0.000000000000000000000000000000, 
0.000000000000000000000000000000, 
0.000000000000000000000000000000, 
0.000000000000000000000000000000, 
0.000000000000000000000000000000, 
0.000000000000000000000000000000, 
0.000000000000000000000000000000, 
0.000000000000000000000000000000, 
0.000000000000000000000000000000, 
0.000000000000000000000000000000, 
0.000000000000000000000000000000, 
0.000000000000000000000000000000, 
1.000000000000000000000000000000, 
0.012937628266906846946637799078, 
0.007425422744988630779916505276, 
0.000000000000000000000000000000, 
0.000000000000000000000000000000, 
0.000000000000000000000000000000, 
0.000000000000000000000000000000, 
0.000000000000000000000000000000, 
0.000000000000000000000000000000, 
0.000000000000000000000000000000, 
0.000000000000000000000000000000, 
0.000000000000000000000000000000, 
0.000000000000000000000000000000, 
0.000000000000000000000000000000, 
0.000000000000000000000000000000, 
0.000000000000000000000000000000, 
0.000000000000000000000000000000, 
0.000000000000000000000000000000, 
0.000000000000000000000000000000, 
0.000000000000000000000000000000, 
0.000000000000000000000000000000, 
0.000000000000000000000000000000, 
1.000000000000000000000000000000, 
0.785282131600788635417131899885, 
0.000000000000000000000000000000, 
0.000000000000000000000000000000, 
0.000000000000000000000000000000, 
0.000000000000000000000000000000, 
0.000000000000000000000000000000, 
0.000000000000000000000000000000, 
0.000000000000000000000000000000, 
0.000000000000000000000000000000, 
0.000000000000000000000000000000, 
0.000000000000000000000000000000, 
0.000000000000000000000000000000, 
0.000000000000000000000000000000, 
0.000000000000000000000000000000, 
0.000000000000000000000000000000, 
0.000000000000000000000000000000, 
0.000000000000000000000000000000, 
0.000000000000000000000000000000, 
0.000000000000000000000000000000, 
0.000000000000000000000000000000, 
0.000000000000000000000000000000, 
1.000000000000000000000000000000, 
